0.27882966948167853 -1.201721417841948 0.0861287335344807 -1.9851490892879606 0.05526332371583881 0.022088052374903078 0.34564879517263236 3.420272510666095 0.5425081038948936 1.0169923637908098 2.074040837292009 2.3770370224981328 0.34903548312058275 -2.42751588023635 -0.8691840598750192 0.06450356232099619 0.21283274580051492 -0.5618825941169184 -0.5057772936908305 2.997776448538858
2.6562252814072216 -0.36863013271376976 -3.0642814551334685 -0.13701225753104979 0.17331230783623786 0.6545699792233349 0.36329803432971697 0.41033351222945846 -0.531382131110784 0.509639624672249 0.12200165648226502 -0.33871873339645747 -0.13381939134187854 -0.42238935008733014 -1.8739460306026965 -4.137807736519507 -0.8275194679152237 0.5785200821793159 -1.7764049673917783 1.4422776678054228
1.6858856054071216 1.5857739058736682 -1.0551609808599047 1.9219602192244523 0.28349329473449003 -1.003537639068131 1.0493039094388843 -0.7376131221705381 1.883152378173636 -0.3616432633323899 -1.4261124003461727 0.9954055495110745 0.9421560912558102 0.9741139602119439 -0.29729694179682253 -1.125845238586813 -0.9972617646947317 1.1067050943363321 3.3149513613751367 0.35052492655334977
-1.118768384835615 0.8261323964121976 -2.638956265227425 0.9652693026515489 -1.5036679566884783 -0.5222292446413603 1.1784425750106515 -1.9733896551533339 -1.7084196073943498 -1.4339814126904622 0.7398335296085329 0.3132719665891408 -1.171812524277735 -2.0460670650656674 -0.13092763272954389 -2.033358108656292 -0.3287422441624059 1.8091007424089764 0.2578922610487048 0.5931333575937807
-0.4313965043301056 1.7165163470065965 2.561641320325834 -0.9194575563528448 -1.541059411535328 -0.503080718651052 -0.8807095995074745 2.2183064707828812 0.12919747355385902 2.0064163261918195 2.2688044150055866 -1.030882520780219 0.7474075020621425 -0.09831246451651217 -1.1359979251508112 -0.6787785738843229 1.7808309639052673 -0.8775982266283214 0.40920346824653586 -1.845968510736203
-0.5676890242069834 1.5867294954581914 -1.154180022227231 -0.3619028677768449 -1.4411794061969403 1.770374757352373 1.0224368449593 -0.44781402150611327 -1.0470389210054862 0.937801332511264 1.2088843597444394 -0.06172815481427468 1.1041971580944898 -1.482758671189718 -3.1998376213685504 -2.056677605739698 -0.14968603452021473 -2.3294027668841077 -1.3890755884015296 3.4094502290038795
0.43980767482888034 -0.8302808229075263 0.4725556415715477 0.22116050550127325 0.5668746431081828 -0.39862099432700593 1.8254176438343632 -0.21815611667974366 0.6564224959868279 1.4448162012015069 1.7096821306536922 -0.9693175247773198 -0.914153507463488 -3.3194738169934856 2.2382746854013638 0.6246437159540623 -1.9174479783109168 1.2762831037961633 1.19981432825681 1.9683605316081918
0.1277453082870864 0.5651253929942427 -0.6466720355471199 -0.7312331678713269 0.8105271214384141 -0.34110932954267476 0.37984481253023994 0.20516346013826925 -1.4492807029593784 1.0307437914542312 -0.39343747000670404 2.140743903262573 -0.16912190553069373 -0.5590430212655428 -0.7575323651659732 -1.849605362022004 -1.6605031221953312 -2.3149451461238146 -1.0020949517072995 2.063085655081715
-0.9017601629943492 0.3589914202706601 1.532448219414836 -1.5908206377976424 0.7434820847227298 -1.7496242903954715 1.2831441210431256 0.3082423851855046 -1.1331009080648755 -2.2981301494307282 -3.0574095909010595 0.3831513052773929 -3.094397060189536 0.9276385764047634 1.4679160757775274 -0.8421415055562897 -0.4264678925995442 -0.2750226601444237 -1.1635994010478468 -0.29332118298456267
1.8794812708762694 2.5098001395213485 1.266072216406544 0.39126433875026434 0.09353794811837896 1.1943155689594498 -3.585077201594693 1.9854847969239595 1.5198274619106193 -2.4743560133923754 0.393082221069998 0.07256866749933755 -0.57305646702564 1.946639893940224 -1.4498946164948259 0.6952993837984276 -1.4478523606161153 -0.8083184263401229 -0.5446263318622606 0.8177954716278306
2.1172919799783667 1.0826690188486814 -1.1110293995482925 2.3962669240526018 3.54960482959505 -0.6160103342717402 -1.9782798173889153 2.3483148494032626 0.9431490319704419 1.4072191641022065 -0.3791488264594612 0.8248379700894368 -1.2854590409438402 1.24837497780032 -0.09314400957621582 0.9500201537826077 2.3009403487363693 -1.9816086714418086 1.204530032786522 0.48504381816148934
-0.6590378513357142 -0.7095102361153197 1.0729340999226942 -1.5850569603993594 -0.08452221551387695 -0.9600345682116369 -0.9232630401277467 -0.596011828399082 0.15339684739088094 1.5197250838916885 -0.41359499413818074 -1.031712327705527 2.1360165840114362 0.7762915242159981 3.213683992580691 0.5070907339896082 -2.5050649168695722 0.5338496530511714 -1.223897356543593 1.1709469404617545
1.4021400697208866 2.9856328561288814 -0.8654323197741189 0.3919312971940163 -0.9029522928399049 -2.0321908225963607 -0.36901056476758964 1.1051114547562044 -0.07496389831392625 -0.3277648438237222 1.5196586574643012 -0.7612966494926228 -0.7748001826398849 0.5926004943512462 1.616986582189881 -2.5347551892806193 -0.8537476046039131 -0.23205253205676876 -0.6494119197001307 2.06603939046507
2.3042556901374227 1.177807610289281 -1.8136476506720323 0.2664673135795848 -1.717471763423089 1.3342143137832343 2.069260620915171 -4.231137201207925 -1.5081956324730796 -1.5242021278383442 1.8903252720248427 -2.4993555054430368 -0.8562780959816394 -0.45409274379168524 0.9408391814215593 -3.1875694249209605 0.5546161937752926 0.7117730657574709 0.16386860064539843 1.3362661388629984
-1.4625933324638414 -0.24178996090790694 1.147879373583032 1.0241104704991535 1.9660527480234267 0.714175957226868 0.5260420587079169 2.4213441673069886 -0.6178179060084318 -0.004570864257910312 -0.012915598750066232 -1.4694017603873426 1.2193122946266564 0.23790060237396427 -0.7969468137541207 -2.5046231565346413 1.3256928547400708 1.8197791622865185 -0.554552915769148 0.21993565996240577
-1.8960962032640638 1.5045481823413835 0.4821000529814777 0.9580135876807434 0.6137338362805731 2.4539557012514948 -1.8834206505774023 1.7726243385154283 2.801753529710161 0.2572561732828381 1.3547553177736682 3.14034131312261 0.8113124113717866 0.42970837472836637 -1.1401579301677829 -3.1275469465907753 0.3115219945072234 0.89851272161806 0.19391298402811397 -2.79779182135975
-1.1461685801359325 0.4383955161047593 1.3132598291442414 -3.3944158525633297 -0.6928212602653774 1.8071764807996202 -1.1713881064754033 -3.256580680401222 1.6403823409182867 0.5381674821498031 0.9031072204891379 -0.3266031992085652 -2.970231249391041 -0.5601472958922518 -1.3243274719710891 0.9245403314832279 0.9665666062774103 1.2919885309112904 0.9563368922709705 0.12844838243261858
-2.1022279042550283 -0.2677156691703533 -0.7952001325769841 -0.3218294280667486 0.8392725688353668 -0.4166573334957854 -2.746152887805568 3.688884499903164 0.4222587125700952 0.86352240946248 -0.42576830076978034 1.2837972400555042 -1.051308728445832 1.8773439434467116 1.3946338053476526 -2.047192006367438 1.845164738636651 -1.172881038893923 -1.739971115918216 -0.5116613197345665
0.7204346876757082 0.6997397432711006 -0.4141431769690463 -0.7645560146557879 1.5705865707722 -1.8349162998064497 0.1759276459967004 -2.014558531317073 -0.3104415325166634 0.8976182510632258 -1.792033377729696 2.6853026746028217 0.016953240161409866 2.2000697643406917 -0.06383557722856059 0.1269119329091536 2.644061160321763 -0.3396912714550726 -0.09267181685383163 -0.20806362466487666
0.7432307098621437 -0.021633412335453683 1.300741588416876 -2.023749807753059 0.10541872654477358 0.10572142955553965 1.3903742107376162 0.7976156967075188 0.9012006183682424 0.5025846468400437 -1.5463984193907419 -2.483938256264119 1.0153057128491623 -2.4337198783104164 -2.3490298074608362 0.6770885829739428 -1.666582783409999 1.6980408995519756 -0.9062957572473316 -1.0488284781461361
-1.37803755649041 0.3146532978307306 -1.787385894037752 -1.1446658012354736 1.1304490089443748 0.8708400238359055 -1.0335729742620037 -0.5027409027887056 -2.955688313213244 -0.8562261875614876 -2.1601568422000406 -0.7439540024814846 0.9580985303565832 -0.3990300501059797 1.2840553644926287 1.051436047378027 0.25082993325814884 0.8442385764098742 -0.09099328059960621 -1.834148377909063
-0.26951307470343877 -0.2680918633140871 0.5288216257349808 2.97824453841098 1.0804087819337727 -2.3668493229128225 1.7212832751837515 -0.5020149512787561 -0.732009509019071 1.594578452391063 -0.374933260912305 2.6062079602861936 -1.1315663965156988 0.8403304840409156 2.017808338685904 -3.8733200485391794 -0.9321884857784496 2.143461731051735 0.7663459936631553 -4.0979165909642825
-0.3569767855028648 0.7985237454406249 2.732885642568483 0.6067359945685968 0.6310586789878396 3.050049768418731 0.10566166403552285 0.46605496563646154 3.245435794884302 1.4803256951282422 1.260378852438085 -1.2702549105189385 0.059074504679583584 -0.5679200057767739 3.671406188763048 1.796580675908686 -0.2636228853231406 0.49444001345160044 -0.4481980586267401 0.6669391994146645
-0.3928562986592746 -0.3778701367120486 -1.098452174821495 0.26835038885688955 -1.722814482297707 -0.964805841114437 0.17930605321124826 0.6858899960134339 -0.4446355027019339 -0.4120215341700658 -1.2620349724052689 2.273362400332843 -1.3307371037750446 -2.1674714560059947 -1.1114333934136562 -0.3930932482725816 -3.215520976070807 -1.3854464395685455 -0.9291574424014118 -1.8241046043766935
0.10402003751198119 1.3472622167742851 1.1331034105936948 0.9234175915040537 -3.1838550045133265 0.3076136298420074 -1.2060428837097859 0.5215673616413652 1.5120095721046491 -1.5197405675886642 -1.4723267489444576 -0.839842936779984 -2.29941613887212 -1.6851554558201525 0.10621723324018073 0.04623554346861969 1.3985289442758682 -0.8962255574960468 1.2292698898911216 0.2823815202134223
-2.827895346743305 1.043188197663092 0.6882179898241927 -2.3770339403525593 0.7085127831114463 0.5017288866452858 0.8954663738789032 -1.0062128249858189 -0.34940182788224156 -3.528953136126309 -0.2958109553746402 -0.21996380839822677 -2.3440172413496887 -0.8586194339317579 0.24457924742648934 1.7283991270458452 -0.9833250302734404 -1.7097547122263252 0.3790830846745945 2.8770272043189467
-2.8153950848881886 0.19486013367460786 0.6553951242758669 -2.475306308592391 -1.4328274690858944 0.9874870480160971 0.4076741254357971 -3.2785456145077965 -0.7458055274458192 0.5602013936137316 -3.0860102403279934 -0.9050769297143844 1.207042950499791 0.42292170645229366 -0.3561599010396377 -3.190651713596215 0.6607757209481447 -1.3505543238424234 0.5651709401333737 -2.0627273973211357
-2.7125454790334933 -0.001554650106545985 1.5898672981890556 -1.4139982969320246 -0.021351454855268737 -1.2973607016854904 0.36826739956936444 1.8056442306327765 -1.2298442209168527 1.6244085243224415 -0.5563395568865592 -1.0250272438779522 -0.011203202166974902 -0.919135074735388 0.5936378235413986 -2.666876257845261 -0.6117941994271409 -2.0752097729608128 1.7348427603133922 1.7789743993943967
-0.7980920502203641 0.7354781946686111 -0.5218571738093913 0.943243245509787 0.1277162334040537 2.7808739682356434 -1.07311858403229 -3.746734466683802 2.1233797788014726 1.8503002982937955 2.412262975183984 0.9976893336325163 -2.5029912644786405 -0.6928616776085748 1.9636748875086782 0.11148695763234617 1.0065118755446592 0.7824407273122977 0.3557662332135404 -1.7447830950158898
-1.52868829616214 0.48693786896934266 1.8873184266772027 -0.05895568764350989 -0.5364212677711915 0.6457342931663304 -1.3776297297390288 -0.3748143838674652 -1.9244226246932845 1.8499673242915542 -2.1435574075685344 -0.24046154112646045 0.8057047303801609 -2.4008067595060316 -3.044139997070046 -2.722496944103691 -0.552849760488744 2.4881227120636313 -0.766171780689604 -2.374866016887222
